example.dat 
<minWL> <maxWL> <minArea> <maxArea> 
<cost> <cost> ... # sorted with non-decreasing order
<runtime1> <runtime2> ... # sorted with non-decreasing order
ami33
70200.5 177167 1197315 1574370
0.0261	0.0277	0.0382	0.0457	0.0460	0.0480	0.0519	0.0552	0.0584	0.0607	0.0617	0.0622	0.0658	0.0691	0.0767	0.0769	0.0863	0.0892	0.0896	0.0930	0.1014	0.1026	0.1044	0.1048	0.1261	0.1366	0.1554	0.1584	0.1611	0.1705	0.1722	0.1764	0.1890	0.1945	0.1969	0.2038	0.2043	0.2316	0.2458	0.2466	0.2483	0.2502	0.2694	0.2734	0.3044	0.3194	0.3216	0.3232	0.3266	0.3395	0.3625	0.4173	0.4186	0.4622	0.4713	0.4732	0.4748	0.5046	0.5094	0.5198	0.5281	0.5374	0.5439	0.5764	0.5963	0.6053	0.6338	0.6735	0.6816	0.6816	0.6876	0.6888	0.7401	0.7573	0.7794	0.8605
0.002	0.003	0.004	0.004	0.005	0.005	0.007	0.09	0.091	0.106	0.211	0.229	0.551	0.599	0.656	0.735	0.78	0.816	0.933	0.957	0.963	0.985	1.013	1.072	1.086	1.185	1.197	1.222	1.532	1.731	1.963	2.091	2.639	2.712	2.728	2.75	2.802	2.803	2.939	3.063	3.121	3.162	3.2	3.296	3.623	3.695	4.132	4.209	4.483	5.112	5.572	6.59	8.516	8.968	10.707	10.978	11.445	12.342	12.506	12.917	13.755	16.64	17.261	25.855	26.538	26.549	30.936	33.939	51.349	59.323	62.731	72.333	88.267	90.941	103.078	120.065	137.212	194.754	224.83	243.51	259.53	356.117	818.727	1055.771	1243.321
ami49
733205 73015508992 36469328 40922448
0.0091	0.1062	0.1448	0.1560	0.1584	0.1593	0.1749	0.1828	0.1834	0.1848	0.1997	0.2110	0.2112	0.2167	0.2296	0.2324	0.2328	0.2361	0.2428	0.2428	0.2443	0.2485	0.2652	0.2696	0.2742	0.2749	0.2757	0.2784	0.2820	0.2825	0.2850	0.2908	0.2956	0.3024	0.3141	0.3178	0.3251	0.3304	0.3369	0.3407	0.3423	0.3511	0.3591	0.3662	0.3699	0.3723	0.3751	0.3771	0.3983	0.4066	0.4210	0.4232	0.4245	0.4258	0.4276	0.4378	0.4555	0.4592	0.4665	0.4749	0.4832	0.4916	0.5000	0.5000
0.003	0.004	0.004	0.004	0.004	0.011	0.013	0.019	0.195	0.477	0.605	0.659	0.95	1.144	1.457	1.609	1.792	1.799	1.871	2.083	2.2	2.889	3.799	3.869	4.062	4.506	5.041	5.186	5.224	5.241	5.87	7.242	7.936	8.334	8.872	9.154	9.376	9.419	9.902	10.395	10.406	13.104	13.419	17.724	18.039	18.365	18.779	19.127	23.312	23.365	25.761	29.222	29.244	30.933	37.327	38.238	60.77	72.726	73.205	90.602	109.192	114.907	120.222	130.303	150.764	157.451	157.554	163.135	168.723	207.233	286.462	300.486	322.577	339.494	352.575	475.453	1675.047	2205.167	3532.662
apte
672803 1150695 47313280 108150784
0.0271	0.0273	0.0300	0.0359	0.0370	0.0370	0.0370	0.0395	0.0721	0.0789	0.0789	0.0789	0.0789	0.0789	0.0789	0.0789	0.0789	0.0789	0.0814	0.0819	0.0836	0.0892	0.0992	0.1001	0.1032	0.1034	0.1061	0.1064	0.1066	0.1069	0.1075	0.1075	0.1075	0.1146	0.1180	0.1184	0.1243	0.1247	0.1267	0.1274	0.1333	0.1375	0.1394	0.1401	0.1446	0.1509	0.1668	0.1773	0.1776	0.1800	0.1852	0.1921	0.2047	0.2052	0.2067	0.2068	0.2156	0.2239	0.2297	0.2318	0.2459	0.2529	0.2685	0.2827	0.2833	0.2845	0.2959	0.3052	0.3076	0.3119	0.3564	0.3600	0.3610	0.3678	0.3870	0.4458	0.4565	0.4706	0.4861	0.4863	0.6288	0.6288	1.0000
0.002	0.003	0.003	0.004	0.004	0.005	0.005	0.013	0.017	0.025	0.049	0.049	0.055	0.062	0.065	0.065	0.082	0.085	0.098	0.098	0.099	0.148	0.154	0.178	0.199	0.203	0.266	0.326	0.329	0.346	0.349	0.367	0.395	0.413	0.439	0.442	0.48	0.48	0.518	0.575	0.603	0.663	0.665	0.669	0.712	0.77	0.861	0.892	1.06	1.063	1.198	1.572	1.655	1.771	1.835	1.965	2	2.186	2.323	2.345	2.846	3.004	4.305	4.5	4.586	4.797	6.037	6.525	6.96	9.138	11.936	12.491	16.408	22.478	23.644	25.599	27.635	30.939	34.087	34.36	43.855	47.473	66.978	70.772	93.39	357.966
hp
198468 531396 9201024 31639104
0.0197	0.0197	0.0197	0.0236	0.0286	0.0314	0.0402	0.0411	0.0421	0.0499	0.0620	0.0721	0.0945	0.0947	0.0947	0.0956	0.0963	0.0965	0.0972	0.1007	0.1007	0.1017	0.1027	0.1031	0.1036	0.1050	0.1072	0.1099	0.1099	0.1100	0.1145	0.1218	0.1221	0.1254	0.1298	0.1307	0.1313	0.1355	0.1372	0.1376	0.1385	0.1404	0.1421	0.1432	0.1504	0.1512	0.1543	0.1620	0.1627	0.1653	0.1672	0.1694	0.1713	0.1727	0.1747	0.1753	0.1903	0.1980	0.2081	0.2179	0.2266	0.2281	0.2310	0.2385	0.2424	0.2556	0.2645	0.2645	0.2713	0.2719	0.2774	0.2844	0.2958	0.2958	0.2993	0.3072	0.3076	0.3231	0.3406	0.3437	0.3723	0.4531	0.4589	1.0000
0	0.002	0.003	0.003	0.003	0.004	0.005	0.013	0.015	0.023	0.046	0.047	0.061	0.064	0.066	0.073	0.082	0.092	0.097	0.118	0.119	0.172	0.176	0.198	0.233	0.281	0.289	0.313	0.321	0.357	0.423	0.439	0.453	0.507	0.511	0.535	0.577	0.593	0.614	0.635	0.837	0.837	0.863	0.922	0.944	1.007	1.123	1.176	1.35	1.518	1.668	1.79	1.805	1.993	2.003	2.053	2.195	2.217	2.357	2.931	2.96	3.001	3.304	4.599	5.278	5.405	5.468	5.509	6.462	8.5	9.794	11.195	13.411	14.921	19.569	19.592	21.819	23.932	28.992	30.989	42.063	45.85	56.595	65.218	83.633	330.448
xerox
483034 918784 19831084 36520584
0.0324	0.0324	0.0324	0.0324	0.0324	0.0336	0.0336	0.0336	0.0340	0.0340	0.0354	0.0355	0.0357	0.0365	0.0367	0.0406	0.0436	0.0442	0.0466	0.0473	0.0483	0.0484	0.0528	0.0530	0.0537	0.0538	0.0544	0.0572	0.0573	0.0582	0.0610	0.0682	0.0693	0.0728	0.0742	0.0762	0.0777	0.0817	0.0914	0.0942	0.0978	0.1021	0.1068	0.1087	0.1089	0.1206	0.1216	0.1306	0.1320	0.1330	0.1449	0.1450	0.1668	0.1727	0.1824	0.1855	0.2003	0.2043	0.2187	0.2505	0.2620	0.2784	0.3014	0.3154	0.3366	0.3443	0.3493	0.3507	0.3615	0.3645	0.3721	0.3776	0.3776	0.3947	0.4577	0.4681	0.4837	0.5812	0.6024	0.6189	0.6283	0.6494	0.6994	0.7841
0.002	0.003	0.003	0.004	0.004	0.006	0.008	0.009	0.025	0.028	0.048	0.063	0.071	0.073	0.073	0.077	0.077	0.082	0.106	0.157	0.167	0.198	0.203	0.227	0.237	0.264	0.274	0.302	0.38	0.39	0.46	0.515	0.518	0.53	0.547	0.568	0.643	0.647	0.65	0.741	0.833	0.848	0.925	0.973	1.056	1.118	1.182	1.183	1.332	1.558	1.718	1.852	1.899	2.207	2.669	2.773	3.009	3.094	3.365	3.625	4.08	4.699	4.75	4.831	4.993	6.038	6.486	9.427	11.019	12.515	13.442	22.631	25.121	25.329	26.477	27.142	30.929	38.82	39.681	44.994	55.404	74.055	74.971	110.662	172.189	578.383
